start:
    joints: [1.6300198362741334, 1.3550539132036865, 6.084269011671606, 0.5303044487755503, -0.16771260293725365, 2.3751527350442916, 1.727737208781593]
    tf: [-0.071, -0.149, 0.677, -2.524, -1.472, 2.376] 

objects:
    obj1: [-0.118, -0.142, 1.079]
    obj2: [0.014, -0.102, 1.095]
    obj3: [0.152, -0.098, 1.087]

bin: [-0.376, 0.188, 1.125]
